lr-0.001_weight_decay-1e-05_n_hidden-4_hidden_size-128_batch_norm-True_ : 187.6425240834554 [s]
lr-0.001_weight_decay-1e-06_n_hidden-4_hidden_size-128_batch_norm-True_ : 188.1835958957672 [s]
