lr-0.001_weight_decay-1e-05_n_hidden-4_hidden_size-128_batch_norm-True_ : 0.3087596177896424
lr-0.001_weight_decay-1e-06_n_hidden-4_hidden_size-128_batch_norm-True_ : 0.40433289668870637
