lr-0.001_weight_decay-0.0001_n_hidden-2_hidden_size-32_batch_norm-True_ : 154.75149496396384 [s]
lr-0.001_weight_decay-0.0001_n_hidden-2_hidden_size-64_batch_norm-True_ : 158.44808673858643 [s]
lr-0.001_weight_decay-0.0001_n_hidden-2_hidden_size-128_batch_norm-True_ : 161.89115460713705 [s]
lr-0.001_weight_decay-0.0001_n_hidden-4_hidden_size-32_batch_norm-True_ : 170.23551177978516 [s]
lr-0.001_weight_decay-0.0001_n_hidden-4_hidden_size-64_batch_norm-True_ : 171.89059233665466 [s]
lr-0.001_weight_decay-0.0001_n_hidden-4_hidden_size-128_batch_norm-True_ : 185.8048907915751 [s]
lr-0.001_weight_decay-0.0001_n_hidden-5_hidden_size-32_batch_norm-True_ : 171.96460119883218 [s]
lr-0.001_weight_decay-0.0001_n_hidden-5_hidden_size-64_batch_norm-True_ : 179.2880257765452 [s]
lr-0.001_weight_decay-0.0001_n_hidden-5_hidden_size-128_batch_norm-True_ : 197.03334633509317 [s]
