lr-0.001_weight_decay-1e-05_n_hidden-4_hidden_size-128_batch_norm-False_ : 188.04805541038513 [s]
lr-0.001_weight_decay-1e-06_n_hidden-4_hidden_size-128_batch_norm-False_ : 187.2090486685435 [s]
lr-0.001_weight_decay-0_n_hidden-4_hidden_size-128_batch_norm-False_ : 184.6216074625651 [s]
lr-0.0001_weight_decay-1e-05_n_hidden-4_hidden_size-128_batch_norm-False_ : 188.33315149943033 [s]
lr-0.0001_weight_decay-1e-06_n_hidden-4_hidden_size-128_batch_norm-False_ : 184.15611696243286 [s]
lr-0.0001_weight_decay-0_n_hidden-4_hidden_size-128_batch_norm-False_ : 185.01901618639627 [s]
lr-1e-05_weight_decay-1e-05_n_hidden-4_hidden_size-128_batch_norm-False_ : 184.48135828971863 [s]
lr-1e-05_weight_decay-1e-06_n_hidden-4_hidden_size-128_batch_norm-False_ : 184.76981480916342 [s]
lr-1e-05_weight_decay-0_n_hidden-4_hidden_size-128_batch_norm-False_ : 187.68166009585062 [s]
