lr-0.01_weight_decay-0.0001_n_hidden-4_hidden_size-128_batch_norm-True_ : 188.20810723304749 [s]
lr-0.01_weight_decay-1e-06_n_hidden-4_hidden_size-128_batch_norm-True_ : 190.73124400774637 [s]
lr-0.01_weight_decay-0_n_hidden-4_hidden_size-128_batch_norm-True_ : 185.76182142893472 [s]
lr-0.001_weight_decay-0.0001_n_hidden-4_hidden_size-128_batch_norm-True_ : 188.94942768414816 [s]
lr-0.001_weight_decay-1e-06_n_hidden-4_hidden_size-128_batch_norm-True_ : 186.41330560048422 [s]
lr-0.001_weight_decay-0_n_hidden-4_hidden_size-128_batch_norm-True_ : 186.82652139663696 [s]
lr-0.0001_weight_decay-0.0001_n_hidden-4_hidden_size-128_batch_norm-True_ : 191.16493201255798 [s]
lr-0.0001_weight_decay-1e-06_n_hidden-4_hidden_size-128_batch_norm-True_ : 188.30829373995462 [s]
lr-0.0001_weight_decay-0_n_hidden-4_hidden_size-128_batch_norm-True_ : 189.54953145980835 [s]
